
========== ξ 内部设备列表摘要 ==========
 xi |  EV: n  ta   td   SOCa |  TCL: n   H     C     Qmax |   PV: n  P     eta   E |   amb
------------------------------------------------------------------------------------------
  0 |  80  8.47 18.42  0.45 |  80    0.8   60.7    20.6 |  20 25.39 0.87     5.7 | -7.43
  1 |  80  8.43 18.37  0.50 |  80    0.8   60.7    20.6 |  20 25.83 0.88     5.7 | -7.43
  2 |  80  8.55 18.42  0.48 |  80    0.8   60.7    20.6 |  20 21.77 0.87     5.7 | -7.43
  3 |  80  8.59 18.50  0.50 |  80    0.8   60.7    20.6 |  20 24.41 0.89     5.7 | -7.43
  4 |  80  8.37 18.27  0.48 |  80    0.8   60.7    20.6 |  20 26.65 0.89     5.7 | -7.43
  5 |  80  8.49 18.36  0.51 |  80    0.8   60.7    20.6 |  20 23.19 0.86     5.7 | -7.43
  6 |  80  8.46 18.32  0.50 |  80    0.8   60.7    20.6 |  20 26.44 0.88     5.7 | -7.43
  7 |  80  8.50 18.24  0.50 |  80    0.8   60.7    20.6 |  20 24.69 0.85     5.7 | -7.43
  8 |  80  8.38 18.17  0.52 |  80    0.8   60.7    20.6 |  20 23.84 0.87     5.7 | -7.43
  9 |  80  8.41 18.15  0.51 |  80    0.8   60.7    20.6 |  20 24.36 0.87     5.7 | -7.43
 10 |  80  8.57 18.42  0.50 |  80    0.8   60.7    20.6 |  20 24.84 0.87     5.7 | -7.43
 11 |  80  8.39 18.31  0.47 |  80    0.8   60.7    20.6 |  20 23.04 0.87     5.7 | -7.43
 12 |  80  8.59 18.31  0.48 |  80    0.8   60.7    20.6 |  20 25.19 0.86     5.7 | -7.43
 13 |  80  8.49 18.23  0.51 |  80    0.8   60.7    20.6 |  20 22.64 0.87     5.7 | -7.43
 14 |  80  8.65 18.62  0.52 |  80    0.8   60.7    20.6 |  20 26.33 0.87     5.7 | -7.43
 15 |  80  8.38 18.24  0.49 |  80    0.8   60.7    20.6 |  20 24.25 0.87     5.7 | -7.43
 16 |  80  8.58 18.33  0.46 |  80    0.8   60.7    20.6 |  20 25.05 0.87     5.7 | -7.43
 17 |  80  8.35 18.14  0.53 |  80    0.8   60.7    20.6 |  20 25.00 0.86     5.7 | -7.43
 18 |  80  8.37 18.33  0.52 |  80    0.8   60.7    20.6 |  20 25.06 0.87     5.7 | -7.43
 19 |  80  8.57 18.44  0.51 |  80    0.8   60.7    20.6 |  20 28.21 0.87     5.7 | -7.43
 20 |  80  8.39 18.59  0.49 |  80    0.8   60.7    20.6 |  20 27.42 0.88     5.7 | -7.43
 21 |  80  8.45 18.29  0.45 |  80    0.8   60.7    20.6 |  20 24.26 0.87     5.7 | -7.43
 22 |  80  8.44 18.15  0.47 |  80    0.8   60.7    20.6 |  20 25.38 0.87     5.7 | -7.43
 23 |  80  8.47 18.33  0.48 |  80    0.8   60.7    20.6 |  20 24.04 0.88     5.7 | -7.43
 24 |  80  8.47 18.19  0.48 |  80    0.8   60.7    20.6 |  20 24.30 0.86     5.7 | -7.43
 25 |  80  8.39 18.25  0.48 |  80    0.8   60.7    20.6 |  20 25.04 0.88     5.7 | -7.43
 26 |  80  8.50 18.07  0.51 |  80    0.8   60.7    20.6 |  20 24.20 0.87     5.7 | -7.43
 27 |  80  8.43 18.19  0.52 |  80    0.8   60.7    20.6 |  20 26.49 0.88     5.7 | -7.43
 28 |  80  8.78 18.57  0.48 |  80    0.8   60.7    20.6 |  20 23.68 0.88     5.7 | -7.43
 29 |  80  8.41 18.53  0.49 |  80    0.8   60.7    20.6 |  20 25.42 0.88     5.7 | -7.43
 30 |  80  8.62 18.48  0.50 |  80    0.8   60.7    20.6 |  20 25.62 0.87     5.7 | -7.43
 31 |  80  8.43 18.32  0.45 |  80    0.8   60.7    20.6 |  20 23.53 0.87     5.7 | -7.43
 32 |  80  8.37 18.00  0.50 |  80    0.8   60.7    20.6 |  20 25.01 0.87     5.7 | -7.43
 33 |  80  8.56 18.37  0.47 |  80    0.8   60.7    20.6 |  20 26.83 0.85     5.7 | -7.43
 34 |  80  8.55 18.58  0.50 |  80    0.8   60.7    20.6 |  20 25.27 0.89     5.7 | -7.43
 35 |  80  8.56 18.48  0.50 |  80    0.8   60.7    20.6 |  20 25.74 0.87     5.7 | -7.43
 36 |  80  8.51 18.40  0.47 |  80    0.8   60.7    20.6 |  20 23.96 0.87     5.7 | -7.43
 37 |  80  8.20 17.91  0.48 |  80    0.8   60.7    20.6 |  20 25.00 0.89     5.7 | -7.43
 38 |  80  8.53 18.58  0.47 |  80    0.8   60.7    20.6 |  20 22.33 0.89     5.7 | -7.43
 39 |  80  8.68 18.51  0.49 |  80    0.8   60.7    20.6 |  20 24.88 0.88     5.7 | -7.43
 40 |  80  8.67 18.47  0.50 |  80    0.8   60.7    20.6 |  20 25.13 0.88     5.7 | -7.43
 41 |  80  8.70 18.44  0.50 |  80    0.8   60.7    20.6 |  20 24.58 0.87     5.7 | -7.43
 42 |  80  8.66 18.46  0.48 |  80    0.8   60.7    20.6 |  20 23.19 0.88     5.7 | -7.43
 43 |  80  8.55 18.47  0.52 |  80    0.8   60.7    20.6 |  20 28.34 0.88     5.7 | -7.43
 44 |  80  8.33 18.11  0.50 |  80    0.8   60.7    20.6 |  20 26.06 0.87     5.7 | -7.43
 45 |  80  8.69 18.68  0.53 |  80    0.8   60.7    20.6 |  20 22.69 0.86     5.7 | -7.43
 46 |  80  8.52 18.43  0.49 |  80    0.8   60.7    20.6 |  20 24.75 0.88     5.7 | -7.43
 47 |  80  8.59 18.34  0.49 |  80    0.8   60.7    20.6 |  20 26.20 0.87     5.7 | -7.43
 48 |  80  8.49 18.48  0.50 |  80    0.8   60.7    20.6 |  20 25.22 0.87     5.7 | -7.43
 49 |  80  8.52 18.43  0.50 |  80    0.8   60.7    20.6 |  20 25.59 0.88     5.7 | -7.43

跨样本变化情况（std≈0 固定 / std>0 在变）:
  n_ev             std=0.0000e+00  [固定]  range=[80, 80]
  EV_ta            std=1.1242e-01  [变化]  range=[8.196, 8.78]
  EV_td            std=1.6342e-01  [变化]  range=[17.91, 18.68]
  EV_SOCa          std=1.9793e-02  [变化]  range=[0.4453, 0.5296]
  n_tcl            std=0.0000e+00  [固定]  range=[80, 80]
  TCL_H            std=1.1102e-16  [固定]  range=[0.8176, 0.8176]
  TCL_C            std=0.0000e+00  [固定]  range=[60.72, 60.72]
  TCL_Qmax         std=0.0000e+00  [固定]  range=[20.55, 20.55]
  n_pv             std=0.0000e+00  [固定]  range=[20, 20]
  PV_Ppanel        std=1.3693e+00  [变化]  range=[21.77, 28.34]
  PV_eta           std=9.2253e-03  [变化]  range=[0.8498, 0.8944]
  PV_energy        std=8.8818e-16  [固定]  range=[5.739, 5.739]
  theta_amb_mean   std=0.0000e+00  [固定]  range=[-7.431, -7.431]
==========================================